[gd_scene load_steps=2 format=2]

[ext_resource path="res://scenes/Floor.tscn" type="PackedScene" id=1]

[node name="Ramp" type="Spatial"]
transform = Transform( -4.37114e-08, -0.5, -0.866025, 0, 0.866025, -0.5, 1, -2.18557e-08, -3.78552e-08, 0, 4.29974, -7.98252 )

[node name="Floor14" type="Spatial" parent="." instance=ExtResource( 1 )]
transform = Transform( 1, -4.73065e-16, 1.06581e-14, 0, 0.866026, 0.5, -7.10543e-15, -0.5, 0.866026, 0, -0.791435, -8.77132 )

[node name="Floor13" type="Spatial" parent="." instance=ExtResource( 1 )]
transform = Transform( 1, -3.38241e-09, 1.76088e-09, 3.21613e-09, 0.996196, 0.0871561, -2.04892e-09, -0.0871561, 0.996196, 0, -0.445314, -4.79391 )

[node name="Floor16" type="Spatial" parent="." instance=ExtResource( 1 )]
transform = Transform( 1, -3.38224e-09, 1.76101e-09, 3.21613e-09, 0.996197, 0.0871564, -2.04892e-09, -0.0871564, 0.996197, 0, -0.0997767, -0.830048 )

[node name="Floor17" type="Spatial" parent="." instance=ExtResource( 1 )]
transform = Transform( 1, -3.38218e-09, 1.76105e-09, 3.21613e-09, 0.996197, 0.0871564, -2.04892e-09, -0.0871564, 0.996197, 0, 0.242839, 3.09319 )
